#LOCUS	LENGTH	A10.L4C	A11.L11G	A12.L10B	A13.L3B	A14.L4E	A15.L4G	A16.L7C	A17.L1B	A18.S4H	A19.S3B	A2.U10A	A20.S1E	A21.S8A	A3.U3G	A4.U3B	A5.U10D	A7.U3E	A8.U2E	A9.L3D	ATCC42720
5SrRNA-1_BG_Supercontig_1.5_245830	169	47.66	62.50	43.43	91.09	71.52	57.29	28.56	49.28	50.22	72.34	133.85	40.49	89.75	35.43	49.51	28.63	82.94	105.63	44.36	104.96
A-rich_Supercontig_1.3_1310390	104	57.38	158.33	91.94	141.33	168.77	174.76	68.84	82.89	65.50	168.12	180.86	77.61	141.42	49.91	84.96	91.45	166.09	163.99	69.06	174.90
CACTA-1_Ccinerea_Supercontig_1.2_1747654	25	90.80	202.00	96.80	167.24	177.76	203.48	94.16	87.92	81.56	207.80	218.40	72.20	210.48	98.00	80.96	80.88	204.60	176.68	121.28	166.20
CT-rich_Supercontig_1.5_1310470	174	164.99	314.44	139.46	341.26	353.45	260.97	142.24	168.29	173.64	341.75	285.52	149.18	365.42	159.64	124.40	184.82	313.17	368.22	158.93	270.46
CT-rich_Supercontig_1.6_212742	167	28.02	35.80	21.62	55.51	60.28	51.20	27.25	24.41	22.78	57.05	106.00	34.79	52.51	19.26	30.75	30.81	54.86	52.51	23.39	247.18
Copia-12_MLP-I_Supercontig_1.1_255308	32	351.16	1088.44	277.12	690.91	656.91	649.50	324.03	302.78	342.66	679.88	673.28	312.06	636.25	372.03	322.22	379.09	736.72	640.00	377.78	305.16
Copia-12_TMe-I_Supercontig_1.1_813454	51	0.00	0.00	0.00	0.00	0.00	0.00	0.00	0.00	0.00	0.00	0.00	0.00	0.00	0.00	0.00	0.00	0.00	0.00	0.00	229.39
Copia-12_TMe-I_Supercontig_1.2_1060265	51	0.00	0.00	0.00	0.00	0.00	0.00	0.00	0.00	0.00	0.00	0.00	0.00	0.00	0.00	0.00	0.00	0.00	0.00	0.00	371.67
Copia-12_TMe-I_Supercontig_1.4_417389	51	0.00	0.00	0.00	0.00	0.00	0.00	0.00	0.00	0.00	0.00	0.00	0.00	0.00	0.00	0.00	0.00	0.00	0.00	0.00	378.78
Copia-12_TMe-I_Supercontig_1.8_607573	51	0.00	0.00	0.00	0.00	0.00	0.00	0.00	0.00	0.00	0.00	0.00	0.00	0.00	0.00	0.00	0.00	0.00	0.00	0.00	155.31
Copia-14_BG-I_Supercontig_1.3_594506	120	118.20	241.22	167.73	304.64	305.73	266.86	142.87	141.32	130.94	278.81	258.26	146.29	247.05	119.56	132.51	120.97	267.45	233.69	178.62	269.68
Copia-1_BFB-I_Supercontig_1.1_1804562	37	139.00	225.49	161.35	247.65	210.76	216.35	121.57	122.65	142.00	254.03	297.78	109.14	261.22	115.86	134.57	112.65	226.24	284.30	102.59	213.81
Copia-1_CDC-I_Supercontig_1.1_254631	261	322.16	1048.22	320.11	655.29	631.77	613.22	311.84	331.39	300.14	591.20	672.10	303.33	577.09	336.97	296.41	334.71	692.37	596.58	337.98	329.28
Copia-1_CDC-I_Supercontig_1.1_254978	63	301.70	1025.71	351.94	680.37	647.65	627.79	327.10	368.52	343.08	646.41	607.94	285.59	675.78	384.95	282.75	373.00	670.05	647.17	309.51	320.17
Copia-1_PAD-I_Supercontig_1.1_252630	128	332.70	1100.55	300.50	656.07	629.97	664.76	320.33	292.56	312.09	657.17	714.06	281.28	716.43	403.75	319.40	376.58	719.05	625.54	359.74	267.44
Copia-1_PAD-I_Supercontig_1.1_253864	482	360.63	1055.87	376.44	713.97	675.01	616.55	331.97	333.14	312.88	645.18	729.45	357.97	705.43	364.04	345.83	317.36	733.24	695.82	358.73	354.03
Copia-1_PAD-I_Supercontig_1.1_254440	119	326.63	981.74	343.71	570.83	572.30	585.08	334.79	268.08	285.65	586.24	713.28	314.31	596.55	347.46	321.20	321.23	723.39	593.08	346.47	315.06
Copia-1_SPDB-I_Supercontig_1.8_685386	392	0.00	0.00	0.00	0.00	0.00	0.00	0.00	0.00	0.00	0.00	0.00	0.00	0.00	0.00	0.00	0.00	0.00	0.00	0.00	260.80
Copia-1_SPDB-I_Supercontig_1.8_688745	91	0.00	0.00	0.00	0.00	0.00	0.00	0.00	0.00	0.00	0.00	0.00	0.00	0.00	0.00	0.00	0.00	0.00	0.00	0.00	713.35
Copia-1_SPDB-I_Supercontig_1.8_690275	673	0.00	0.00	0.00	0.00	0.00	0.00	0.00	0.00	0.00	0.00	0.00	0.00	0.00	0.00	0.00	0.00	0.00	0.00	0.00	622.38
Copia-1_Trm-I_Supercontig_1.8_124638	51	183.29	618.88	145.67	378.24	403.49	293.37	173.51	180.16	178.29	332.41	344.94	173.57	371.22	206.31	201.53	187.24	358.04	338.12	203.37	352.63
Copia-20_PGr-I_Supercontig_1.4_857095	55	81.51	242.09	114.35	237.24	206.62	275.51	112.56	90.75	101.02	239.02	283.93	97.29	252.65	126.56	138.33	95.44	193.11	233.85	144.98	167.53
Copia-24_MLP-I_Supercontig_1.5_678423	68	118.96	271.41	147.04	255.62	242.68	258.69	118.13	121.12	124.15	204.65	247.71	109.29	306.34	138.60	109.90	103.84	225.90	264.59	128.29	267.07
Copia-26_MLP-I_Supercontig_1.1_2014622	34	145.06	272.35	162.65	297.71	262.62	291.97	136.18	118.62	147.56	254.21	285.26	148.24	296.94	118.79	132.06	163.68	280.29	309.12	163.41	306.62
Copia-26_MLP-I_Supercontig_1.3_103806	13	101.54	306.00	112.46	199.15	179.62	245.08	110.31	141.54	147.08	172.38	299.31	121.08	200.46	120.00	93.62	129.85	215.46	261.23	148.85	265.85
Copia-2_CDC-I_Supercontig_1.6_739971	46	114.30	244.93	137.02	233.98	223.87	445.33	81.07	165.39	234.26	559.20	244.72	245.48	479.17	266.72	122.70	232.91	268.65	522.85	140.37	369.43
Copia-2_CH_Supercontig_1.4_299176	138	37.83	58.78	28.29	58.96	58.38	52.67	27.98	39.64	34.36	68.01	64.66	38.68	67.12	29.34	39.59	34.37	68.80	67.29	34.98	153.51
Copia-2_LBS-I_Supercontig_1.3_1580754	36	131.47	235.78	148.06	267.25	297.44	292.58	131.89	94.39	130.58	263.08	287.64	165.61	272.08	115.06	132.94	190.00	295.22	341.61	146.22	310.61
Copia-2_PSt-I_Supercontig_1.4_738980	42	153.19	234.69	127.14	257.71	210.98	222.00	137.86	105.26	122.14	191.71	205.95	165.31	214.62	106.98	125.45	92.95	218.52	225.88	134.14	204.67
Copia-2_SLL-I_Supercontig_1.5_1281984	52	135.27	273.00	148.58	312.27	322.27	226.13	122.35	136.52	168.87	286.29	288.85	139.63	313.40	153.38	142.83	177.42	283.62	276.23	137.23	259.60
Copia-2_Trm-I_Supercontig_1.2_520751	43	108.72	253.93	126.95	240.21	245.28	242.40	123.79	132.70	113.12	215.16	203.40	105.42	239.33	120.93	136.77	125.40	274.58	257.60	133.12	240.77
Copia-3_CCO-I_Supercontig_1.6_127450	36	87.81	211.83	88.42	235.78	243.69	188.83	95.00	86.14	131.03	235.94	421.47	82.00	203.19	106.92	122.08	114.67	185.53	197.67	114.42	251.86
Copia-3_SCH-I_Supercontig_1.1_1409108	32	161.12	219.78	131.22	259.97	247.28	219.88	132.06	122.91	132.44	270.38	265.09	139.12	219.88	104.19	117.69	100.28	239.31	261.94	102.84	200.28
Copia-3_SCH-I_Supercontig_1.1_314251	69	115.29	262.99	163.17	222.75	259.04	279.26	126.43	138.59	152.94	257.94	257.26	113.78	229.93	128.10	138.54	97.30	261.78	200.32	117.96	271.57
Copia-3_SCH-I_Supercontig_1.4_101400	56	158.80	258.09	122.64	331.38	240.75	226.07	137.93	132.89	158.82	276.34	265.46	139.04	341.32	183.46	167.61	152.25	255.95	258.79	123.14	310.96
Copia-53_MLP-I_Supercontig_1.1_475175	14	114.14	221.86	126.29	243.50	175.93	208.07	115.79	102.07	103.57	228.79	224.21	88.21	205.07	101.79	119.50	123.36	243.64	209.64	140.79	185.86
Copia-53_MLP-I_Supercontig_1.1_475396	36	136.42	248.47	130.42	307.19	269.14	313.64	125.47	120.53	113.67	265.17	259.72	139.64	271.94	147.67	109.28	132.50	329.03	213.67	119.78	314.83
Copia-58_BG-I_Supercontig_1.1_1002241	246	61.94	103.44	68.52	122.75	118.65	94.37	52.89	52.60	51.89	104.00	154.03	64.05	123.82	44.56	61.55	35.77	132.91	125.88	59.03	135.53
Copia-58_BG-I_Supercontig_1.1_1108561	97	93.63	169.36	104.20	220.74	245.56	247.08	110.63	105.23	106.42	195.48	217.74	104.26	188.60	81.97	116.08	88.95	220.40	172.72	97.31	187.23
Copia-58_BG-I_Supercontig_1.1_1934173	102	146.38	318.99	180.35	293.95	389.60	306.58	144.64	151.93	142.75	286.83	287.41	145.21	330.65	132.49	157.56	143.71	319.41	284.51	180.50	286.12
Copia-58_BG-I_Supercontig_1.1_2277916	214	137.47	305.54	157.58	313.83	315.67	311.06	143.67	188.95	173.48	271.17	301.96	145.24	317.10	148.26	155.23	185.45	304.31	319.41	144.78	369.78
Copia-58_BG-I_Supercontig_1.1_359620	126	116.02	256.76	138.75	264.02	272.51	219.02	91.69	115.08	95.94	217.67	265.60	109.92	284.01	138.49	117.64	126.79	307.31	225.88	130.25	315.58
Copia-58_BG-I_Supercontig_1.1_550981	249	112.83	232.18	129.03	242.18	258.21	235.67	123.22	91.64	94.52	200.92	260.98	120.58	164.27	91.93	118.14	101.68	212.30	165.35	92.59	245.45
Copia-58_BG-I_Supercontig_1.2_1044136	256	118.25	273.44	131.12	215.64	230.52	239.43	110.05	137.03	114.96	234.01	252.38	113.20	182.17	109.41	137.21	109.66	244.97	248.82	124.21	203.56
Copia-58_BG-I_Supercontig_1.2_281839	76	126.59	295.79	149.12	292.86	332.16	291.37	158.29	153.29	149.62	280.43	267.45	130.78	319.07	158.97	132.38	164.07	320.32	284.54	143.28	269.00
Copia-58_BG-I_Supercontig_1.2_631894	96	99.74	225.48	101.05	212.09	236.40	212.51	122.14	90.30	93.39	163.50	193.33	100.84	199.38	87.53	104.81	91.96	228.61	204.58	106.99	236.86
Copia-58_BG-I_Supercontig_1.3_1539108	175	72.72	157.79	78.01	157.93	148.91	146.39	74.85	87.83	77.04	146.16	161.84	76.88	158.34	67.05	77.09	76.76	162.87	149.23	59.13	214.83
Copia-58_BG-I_Supercontig_1.3_359111	123	159.34	270.52	171.10	316.17	271.67	244.59	155.59	139.16	157.29	253.89	217.06	134.99	240.70	113.28	129.42	124.38	298.59	302.10	135.72	276.76
Copia-58_BG-I_Supercontig_1.3_448721	145	99.46	239.53	123.77	240.34	236.64	257.50	107.12	132.23	125.69	266.84	257.89	117.68	296.29	136.17	126.46	125.95	265.84	291.52	132.39	235.30
Copia-58_BG-I_Supercontig_1.3_594511	204	124.79	262.21	176.77	287.85	294.64	279.64	144.76	138.12	133.24	260.86	268.18	146.46	267.22	110.98	123.23	116.87	260.18	229.80	178.13	277.73
Copia-58_BG-I_Supercontig_1.3_664513	196	131.45	231.96	117.15	267.38	245.75	234.93	129.89	132.73	159.63	218.81	215.99	111.80	202.94	90.30	132.41	126.58	234.98	261.56	140.49	204.19
Copia-58_BG-I_Supercontig_1.5_1406659	238	161.77	359.68	180.24	370.85	385.84	295.47	159.13	188.51	190.22	329.78	332.52	180.65	312.89	195.31	186.96	173.89	381.23	387.97	194.50	280.76
Copia-58_BG-I_Supercontig_1.5_678343	131	107.98	276.37	154.62	254.82	234.00	250.02	128.51	118.11	126.58	205.23	288.46	108.02	289.69	131.63	113.01	101.10	221.88	256.72	114.21	257.87
Copia-58_BG-I_Supercontig_1.7_318001	11	91.73	243.27	123.09	216.91	213.27	237.82	127.91	127.45	119.18	222.82	229.27	115.00	246.91	124.18	126.55	156.27	249.55	227.45	137.27	253.18
Copia-58_BG-I_Supercontig_1.7_360941	84	132.93	212.25	107.93	227.54	242.32	243.54	137.60	124.17	146.76	291.52	243.96	122.64	220.75	130.58	130.88	115.07	259.33	187.02	127.25	246.27
Copia-58_BG-I_Supercontig_1.8_662439	94	167.17	409.47	92.48	223.21	224.43	248.32	132.61	95.44	115.55	217.31	247.50	105.72	224.85	134.99	127.74	106.99	248.29	267.63	146.02	367.01
Copia-5_BG-I_Supercontig_1.5_1321440	39	145.54	355.38	143.59	293.56	315.79	295.74	145.64	130.10	187.31	287.05	277.82	165.10	291.51	145.87	155.79	181.38	354.90	287.36	141.49	211.15
Copia-76_MLP-I_Supercontig_1.3_1634335	40	143.07	264.48	144.03	326.98	323.02	293.77	144.95	164.80	156.03	292.05	280.02	128.53	328.05	169.60	106.58	144.70	324.73	299.45	157.35	315.05
DIRS-2_PTrit_Supercontig_1.1_1539296	49	105.45	248.86	105.10	221.29	248.94	235.47	110.98	122.04	130.49	233.71	300.16	125.04	231.92	106.12	141.27	119.33	235.47	241.31	111.51	197.27
DNA3-3_MLP_Supercontig_1.3_1617559	70	144.03	239.03	120.26	281.14	358.44	205.26	117.06	138.76	132.57	253.80	323.56	127.83	293.71	158.11	158.06	171.54	254.84	277.80	131.26	315.97
DNA3-3_MLP_Supercontig_1.4_449630	133	134.04	223.47	132.08	265.70	291.59	225.16	102.95	114.92	136.71	200.75	306.12	127.12	269.85	123.85	128.74	134.59	312.48	209.38	119.44	243.04
DNA3-9_MLP_Supercontig_1.3_224468	72	72.36	184.24	117.49	185.67	222.68	188.39	88.36	102.43	86.86	184.47	155.15	118.35	188.31	90.54	76.72	104.82	185.50	225.53	100.64	242.18
Deceiver-1_MLP_Supercontig_1.8_666582	64	150.22	488.55	104.25	232.22	262.67	236.84	133.72	140.89	126.94	240.98	273.59	110.14	273.97	150.95	160.08	162.31	236.06	290.64	130.19	345.97
EnSpm-1_ROr_Supercontig_1.2_192579	88	136.20	315.10	145.10	329.33	337.93	263.94	155.49	138.93	147.01	306.53	302.60	127.26	283.08	178.82	169.68	170.65	330.74	233.53	180.48	323.40
EnSpm-1_ROr_Supercontig_1.3_503291	83	75.08	195.65	90.89	202.93	187.40	217.98	94.81	99.78	111.55	194.66	195.90	80.81	189.51	71.78	83.11	91.07	164.61	189.17	83.36	158.10
EnSpm-2_PGr_Supercontig_1.1_499174	93	132.83	236.18	152.42	278.00	257.38	236.97	122.98	143.99	90.30	264.65	238.65	98.72	201.34	146.88	148.23	110.23	300.58	230.90	127.26	234.67
EnSpm-2_ROr_Supercontig_1.4_231423	46	132.35	169.98	147.89	253.59	255.37	282.13	136.20	152.46	173.78	259.91	271.39	144.41	293.59	157.74	146.87	168.07	284.57	271.70	147.89	263.96
EnSpm-2_ROr_Supercontig_1.6_459111	120	72.94	188.44	99.91	242.07	186.97	137.03	90.82	108.38	61.91	196.30	487.19	92.63	153.49	77.01	98.44	86.21	174.88	167.94	90.45	161.56
EnSpm-4_PGr_Supercontig_1.5_566165	78	149.13	250.77	125.91	220.05	287.15	290.04	130.82	148.60	94.58	222.62	256.49	117.36	256.35	134.74	156.60	107.63	220.01	228.94	137.88	248.10
GA-rich_Supercontig_1.1_1540478	148	88.92	199.22	117.53	218.95	232.04	250.97	107.26	127.13	110.16	230.66	256.94	116.80	225.39	117.43	114.99	107.95	242.02	239.22	111.55	197.00
GA-rich_Supercontig_1.2_1760764	199	21.58	45.57	24.89	52.10	44.66	46.15	23.80	26.31	27.78	51.95	48.70	23.34	41.09	20.48	30.71	20.68	40.20	45.76	27.85	150.75
GA-rich_Supercontig_1.4_1556123	175	102.07	172.42	82.61	179.93	163.71	176.22	76.45	74.25	85.52	195.97	126.33	84.98	187.82	85.62	75.26	98.65	164.19	169.17	84.53	269.05
GA-rich_Supercontig_1.4_1661215	122	183.10	324.45	163.76	325.22	319.14	291.32	159.86	141.61	151.61	325.21	312.72	179.10	323.34	165.57	150.75	173.84	308.60	338.70	155.23	373.50
GA-rich_Supercontig_1.4_448164	212	124.97	249.01	133.56	255.48	284.33	252.75	134.32	107.35	127.34	254.61	283.21	115.58	227.47	113.75	137.58	127.04	264.06	263.96	139.82	275.31
Ginger2-1_MG_Supercontig_1.1_427546	50	129.94	312.08	156.92	217.76	286.12	270.14	123.68	144.40	113.10	236.66	221.92	106.78	238.88	121.98	114.46	118.76	294.98	236.46	124.04	223.20
Gypsy-106_MLP-I_Supercontig_1.8_148729	71	161.92	637.86	143.15	353.34	308.25	303.14	145.06	155.89	132.04	302.63	354.03	185.93	340.63	161.21	172.54	142.46	313.24	338.01	140.65	255.56
Gypsy-10_CCO-I_Supercontig_1.1_485487	45	138.38	259.64	158.00	330.09	300.22	297.53	126.24	176.31	142.00	244.42	271.33	156.20	275.44	156.40	112.00	126.07	284.51	268.02	130.96	291.22
Gypsy-10_CCO-I_Supercontig_1.2_1747591	67	83.87	206.34	90.85	160.54	201.94	190.87	97.76	79.16	75.61	209.45	202.58	74.48	184.87	83.67	86.72	87.82	192.57	176.31	126.16	179.07
Gypsy-10_LBS-I_Supercontig_1.1_1736371	48	118.44	290.02	150.75	230.96	283.17	295.15	137.44	138.81	129.29	255.29	244.96	146.94	214.38	116.29	151.96	131.98	248.71	300.73	127.40	242.96
Gypsy-10_LBS-LTR_Supercontig_1.1_697052	38	109.03	236.50	114.00	242.97	215.08	218.92	113.29	123.79	121.16	206.71	204.97	131.37	194.29	127.16	100.37	88.82	239.29	165.55	118.53	219.08
Gypsy-10_MLP-I_Supercontig_1.5_347798	64	148.03	320.53	148.14	304.38	356.48	272.62	142.17	156.30	131.53	288.73	258.92	153.55	313.20	147.09	143.12	155.55	344.22	302.08	164.33	278.88
Gypsy-10_RO-I_Supercontig_1.2_874982	50	129.94	254.96	135.70	279.02	303.14	270.06	130.94	109.50	154.44	252.56	278.64	137.04	249.58	135.78	103.30	106.88	220.26	250.78	118.74	268.36
Gypsy-112_MLP-I_Supercontig_1.1_1054903	35	122.86	203.26	123.31	268.97	286.71	255.94	168.91	129.29	135.26	227.80	221.49	127.29	257.31	91.97	145.74	99.37	264.49	258.49	111.77	250.91
Gypsy-11_MLP-I_Supercontig_1.1_1726742	70	116.41	236.89	104.79	258.29	233.29	283.96	126.76	122.51	106.93	247.73	237.73	114.54	220.80	131.49	118.19	107.73	222.30	210.91	117.47	222.77
Gypsy-13_ADe-I_Supercontig_1.6_26591	68	136.82	274.03	114.94	230.54	228.60	250.46	117.85	155.41	115.75	253.40	502.57	130.50	213.04	152.74	118.90	116.22	264.93	259.24	114.53	249.68
Gypsy-15_LBS-I_Supercontig_1.8_120195	44	148.91	537.50	142.30	255.25	287.00	276.52	135.70	152.89	139.89	271.20	274.68	124.98	264.43	162.66	153.34	122.00	279.07	346.52	124.39	233.11
Gypsy-15_PTrit-I_Supercontig_1.2_1008871	52	129.00	261.37	118.00	269.21	269.33	257.33	158.37	127.00	164.60	255.46	251.21	124.77	250.13	113.42	128.71	117.44	283.02	222.35	122.87	267.96
Gypsy-15_PTrit-I_Supercontig_1.2_630039	52	125.85	257.63	126.54	316.23	298.65	299.81	141.60	109.77	109.48	255.31	274.25	129.92	264.75	138.00	146.62	167.27	263.71	242.65	125.35	258.08
Gypsy-15_PTrit-I_Supercontig_1.3_1542623	52	136.88	299.31	159.33	369.25	266.17	284.40	166.17	120.56	152.62	353.37	331.62	192.73	362.31	152.19	149.94	147.81	227.19	313.67	129.79	288.00
Gypsy-15_PTrit-I_Supercontig_1.3_423324	52	124.17	160.75	88.56	182.54	172.62	153.79	91.44	84.33	113.42	171.56	184.65	102.35	207.63	81.40	96.19	77.02	199.58	192.31	89.10	178.83
Gypsy-15_PTrit-I_Supercontig_1.4_153359	52	171.21	286.60	156.69	304.02	300.00	296.92	148.60	148.31	179.42	344.62	285.81	166.87	339.67	168.58	170.52	176.62	321.19	410.33	182.21	317.48
Gypsy-15_PTrit-I_Supercontig_1.4_938207	52	94.40	264.73	116.65	237.67	258.73	247.52	138.62	144.50	102.58	218.54	274.46	108.42	186.50	110.88	117.77	86.46	263.87	218.63	106.94	194.38
Gypsy-16_MLP-I_Supercontig_1.4_135558	144	162.30	315.10	151.42	331.99	258.41	291.32	168.54	179.75	147.99	297.69	362.65	151.01	352.09	196.97	171.80	157.48	327.49	335.25	172.51	314.56
Gypsy-17_PTrit-I_Supercontig_1.2_1158332	37	105.84	227.35	119.03	230.78	220.73	282.95	142.81	118.70	119.24	210.84	194.16	118.24	194.73	97.57	129.89	106.35	224.16	198.14	142.32	234.57
Gypsy-19_SCH-I_Supercontig_1.7_175599	66	151.64	262.64	139.68	264.76	243.86	241.58	152.53	133.71	133.97	293.06	243.02	132.44	294.20	118.86	146.88	87.05	228.42	250.35	142.64	271.85
Gypsy-1_ARO-I_Supercontig_1.1_902056	70	76.24	155.34	78.24	168.57	149.06	221.16	82.29	86.51	70.79	155.76	169.23	72.71	155.10	60.27	73.13	64.44	178.33	141.06	74.16	230.17
Gypsy-1_BG-I_Supercontig_1.4_1589895	44	122.16	346.93	128.20	328.55	291.84	245.39	154.75	160.27	134.20	305.34	282.11	121.66	328.20	206.61	158.27	175.16	330.48	299.34	154.75	355.18
Gypsy-1_PCR-I_Supercontig_1.3_1522053	35	83.46	114.97	73.49	155.46	156.20	142.66	67.66	76.09	68.14	164.20	159.31	87.20	186.60	68.94	60.74	89.46	145.63	176.14	55.37	176.66
Gypsy-24_LBS-I_Supercontig_1.4_1032090	57	128.16	246.09	105.39	271.44	242.70	253.77	126.07	118.11	134.53	225.84	235.33	100.84	267.42	117.00	144.98	113.35	240.21	221.95	127.46	199.88
Gypsy-25_MLP-I_Supercontig_1.6_61026	30	167.93	365.30	149.57	324.37	374.40	299.80	121.20	189.43	166.67	318.77	637.07	184.67	294.90	141.03	175.47	192.87	316.93	353.87	162.30	362.80
Gypsy-25_PGr-I_Supercontig_1.2_1596609	47	106.19	240.62	96.49	234.43	335.51	289.36	121.66	119.13	112.36	278.79	227.87	117.68	207.62	108.02	122.53	121.81	283.91	265.79	131.79	225.70
Gypsy-29_ADe-I_Supercontig_1.7_192179	40	80.78	199.38	96.40	259.20	148.10	218.78	119.35	128.38	112.40	190.72	254.75	98.03	212.45	118.17	120.17	142.03	217.82	222.03	106.85	279.18
Gypsy-2_CCO-I_Supercontig_1.2_641226	41	135.90	212.10	93.10	264.41	249.80	210.39	127.32	145.49	111.20	217.93	238.88	122.85	248.22	110.07	117.39	86.85	221.66	231.59	104.59	192.76
Gypsy-30_ADe-I_Supercontig_1.4_960092	41	125.24	230.66	166.20	253.22	246.46	259.00	139.59	116.32	114.05	210.95	277.05	116.83	234.95	116.78	123.02	123.83	253.54	230.10	142.02	184.17
Gypsy-31_ADe-I_Supercontig_1.5_575581	67	112.45	186.90	108.55	198.63	285.82	260.21	125.85	116.55	110.09	232.96	213.70	105.46	236.85	96.88	132.07	104.00	221.51	208.82	134.69	199.88
Gypsy-33_ADe-I_Supercontig_1.4_101392	41	155.07	262.15	122.37	333.63	247.15	214.78	142.49	126.80	162.20	272.73	272.73	137.61	352.27	186.93	170.51	153.00	251.61	248.71	122.93	330.59
Gypsy-3_AM-I_Supercontig_1.1_1868405	116	139.47	276.60	119.84	264.22	297.98	265.21	134.53	152.52	130.70	269.21	249.84	143.92	308.97	119.53	133.78	136.01	294.46	269.25	117.76	255.07
Gypsy-3_AM-I_Supercontig_1.4_427046	52	137.75	172.19	148.42	218.10	244.73	275.52	129.37	107.19	129.19	227.35	220.12	103.60	240.98	109.58	135.60	117.06	230.27	225.04	115.85	226.06
Gypsy-3_BG-I_Supercontig_1.4_437982	70	124.11	222.83	117.59	229.46	231.13	240.00	112.29	106.46	130.91	227.46	243.41	111.34	291.73	121.04	109.23	119.76	329.20	242.83	134.44	279.76
Gypsy-3_BG-I_Supercontig_1.5_796665	66	105.18	176.50	90.39	215.86	300.33	244.61	99.44	102.45	108.86	246.05	285.86	123.18	225.73	78.48	98.67	112.98	202.06	256.45	93.21	220.36
Gypsy-3_BG-I_Supercontig_1.6_367049	83	33.51	62.82	20.52	49.69	60.40	77.57	36.01	19.25	25.35	81.95	127.45	27.76	62.81	26.69	31.95	24.82	54.76	62.11	30.51	157.63
Gypsy-3_BG-I_Supercontig_1.8_91571	134	92.92	300.86	66.22	180.45	193.23	106.66	55.93	95.56	78.90	170.94	191.87	80.43	180.28	80.19	78.93	72.31	190.70	184.37	80.73	203.07
Gypsy-3_BG-I_Supercontig_1.8_92025	234	133.45	494.54	130.93	299.36	284.34	212.67	123.67	162.29	155.09	281.17	284.64	137.91	314.83	130.69	136.00	152.85	280.30	278.03	148.88	282.66
Gypsy-3_CCO-I_Supercontig_1.3_1003332	41	133.22	187.83	137.93	246.29	234.41	280.34	124.15	118.66	103.54	253.05	228.59	145.27	256.00	94.15	91.56	92.59	207.27	257.44	116.00	187.61
Gypsy-3_TMe-I_Supercontig_1.3_1727457	295	131.70	233.47	139.47	293.31	304.22	251.05	127.80	142.21	145.20	353.39	303.98	139.02	322.41	129.62	113.13	169.63	283.64	289.65	126.49	376.47
Gypsy-40_BG-I_Supercontig_1.2_1895154	62	108.52	174.31	87.77	243.50	213.79	207.94	127.48	118.03	114.90	168.84	220.16	116.58	207.50	117.23	101.56	86.11	221.89	152.61	123.84	286.69
Gypsy-41_MLP-I_Supercontig_1.2_1238117	65	100.03	170.65	127.28	200.68	252.32	198.09	122.20	100.80	108.57	195.52	231.55	92.54	267.31	99.45	109.69	105.98	270.25	221.78	95.09	251.63
Gypsy-43_BG-I_Supercontig_1.1_799474	50	104.22	181.16	100.64	152.86	172.82	230.48	144.24	102.52	71.62	205.92	201.46	83.66	202.64	115.18	113.80	82.04	224.24	161.60	93.02	173.44
Gypsy-44_MLP-I_Supercontig_1.2_1129231	73	117.77	211.42	163.64	198.93	238.84	220.90	113.36	159.12	96.63	237.49	200.16	98.52	235.12	78.93	106.75	110.60	229.59	276.51	98.85	217.67
Gypsy-44_MLP-I_Supercontig_1.2_1134730	52	112.73	201.67	101.46	246.50	198.60	208.92	110.25	104.23	118.50	211.81	185.98	119.42	180.44	102.40	104.37	95.33	211.35	228.42	115.71	175.92
Gypsy-4_CPu-I_Supercontig_1.8_186888	84	184.98	523.07	194.23	312.82	279.13	255.63	144.32	129.49	186.60	266.06	302.96	174.50	278.82	148.20	180.49	163.18	292.82	286.82	151.94	269.83
Gypsy-4_LBS-I_Supercontig_1.6_29265	80	220.84	400.57	224.81	399.70	380.48	393.82	189.22	192.34	192.93	427.88	816.08	228.75	411.80	237.66	174.95	194.90	426.38	396.98	248.49	383.36
Gypsy-57_MLP-I_Supercontig_1.6_377417	67	130.04	166.72	109.34	186.03	184.99	233.76	148.25	116.00	111.39	226.97	597.43	123.60	186.58	137.21	107.33	100.94	222.58	237.00	104.61	223.27
Gypsy-5_CPu-I_Supercontig_1.1_313214	40	162.35	318.12	139.32	323.50	283.23	266.57	169.55	149.55	126.95	293.30	219.85	125.00	298.07	155.82	113.17	152.43	298.90	244.55	143.20	361.50
Gypsy-5_CPu-I_Supercontig_1.3_1695628	47	166.40	234.74	153.66	249.70	323.09	320.23	159.70	175.62	139.06	311.47	277.23	157.53	345.26	139.34	134.55	175.30	289.34	264.49	153.79	333.06
Gypsy-5_SLL-I_Supercontig_1.2_1675400	66	0.00	0.00	0.33	0.00	0.00	0.50	0.44	0.00	0.33	0.17	0.67	0.00	0.17	0.00	0.67	0.00	0.50	0.33	0.00	204.56
Gypsy-62_BG-LTR_Supercontig_1.1_695748	118	87.06	216.08	109.81	251.92	202.88	172.54	137.55	105.14	112.82	217.52	228.10	114.09	206.47	95.18	109.54	98.71	196.23	215.16	117.54	241.86
Gypsy-62_BG-LTR_Supercontig_1.3_1539075	116	97.99	217.18	104.69	197.27	187.57	184.69	85.28	118.21	101.15	182.75	207.98	97.17	193.84	85.59	102.83	92.36	206.09	192.70	83.06	230.12
Gypsy-62_BG-LTR_Supercontig_1.4_183449	103	154.39	286.92	119.29	229.14	263.20	183.20	129.48	140.73	137.71	299.51	217.89	115.81	300.82	154.73	112.92	135.09	260.86	234.00	127.79	312.35
Gypsy-62_BG-LTR_Supercontig_1.4_50866	55	195.47	258.73	177.55	333.76	372.35	361.80	163.05	160.69	197.29	324.40	302.82	176.40	389.38	190.64	151.40	176.09	374.60	275.35	148.24	383.04
Gypsy-62_BG-LTR_Supercontig_1.8_74037	99	58.52	284.93	66.65	120.79	116.81	119.53	65.31	55.13	55.36	112.39	104.84	61.44	125.61	62.56	66.95	63.26	148.76	140.99	65.29	326.72
Gypsy-63_BG-I_Supercontig_1.3_1572321	49	127.12	239.78	143.76	288.98	292.53	273.59	137.71	129.12	159.45	259.67	291.43	159.08	302.63	165.80	143.33	170.59	271.31	244.53	161.02	310.94
Gypsy-69_BG-I_Supercontig_1.6_116637	101	78.93	159.58	87.62	162.91	186.85	142.98	92.00	115.32	99.95	182.05	282.45	77.30	165.96	84.91	89.85	104.90	160.96	188.08	78.00	209.12
Gypsy-73_MLP-I_Supercontig_1.1_2201956	87	160.72	277.14	131.18	251.87	287.34	217.03	116.25	120.32	134.38	222.09	297.29	137.71	275.45	131.91	137.54	140.37	276.60	288.82	154.45	272.72
Gypsy-7_ADe-I_Supercontig_1.1_2062751	42	46.48	119.90	71.40	114.05	77.48	84.62	50.48	61.45	63.31	83.33	68.98	45.12	111.19	56.95	65.43	55.95	114.98	74.26	57.57	140.76
Gypsy-7_BG-I_Supercontig_1.8_516571	37	141.78	389.59	101.51	241.68	237.24	207.24	108.11	107.89	96.05	217.19	276.78	115.27	268.08	134.03	123.73	101.11	219.19	224.65	117.11	245.41
Gypsy-7_PGr-I_Supercontig_1.3_186984	39	138.90	301.13	130.13	293.92	260.00	244.90	136.15	133.56	146.15	254.08	220.03	148.41	228.08	137.13	125.03	130.08	282.36	285.00	161.23	276.67
Gypsy-82_MLP-I_Supercontig_1.3_353323	60	135.08	293.23	152.12	287.57	290.42	254.53	133.15	136.62	158.53	241.62	250.78	129.67	257.28	124.57	136.75	151.65	297.08	260.93	145.10	244.93
Gypsy-84_MLP-I_Supercontig_1.4_51724	59	90.31	160.51	74.69	133.63	172.42	131.15	48.58	89.32	75.42	148.95	164.17	81.31	170.69	76.58	101.98	69.63	175.31	162.83	97.78	295.05
Gypsy-8_BG-I_Supercontig_1.2_1730802	61	48.57	59.25	40.02	90.03	76.05	78.57	42.16	33.59	40.23	77.25	91.11	38.46	68.57	35.13	38.38	33.54	95.36	83.25	28.62	206.87
Gypsy-8_PGr-I_Supercontig_1.1_1592904	39	111.36	226.00	84.36	221.79	226.87	220.72	121.31	91.18	131.05	274.92	238.15	98.95	232.95	106.69	141.23	94.23	223.18	241.10	133.18	210.82
Gypsy-8_RO-I_Supercontig_1.1_1059379	53	29.79	27.15	29.26	43.23	45.04	31.25	21.85	30.91	15.60	42.70	64.83	19.85	38.81	13.06	19.30	16.15	45.15	33.96	10.98	36.98
Gypsy-93_MLP-I_Supercontig_1.1_1431477	46	137.89	198.13	155.87	264.17	236.15	238.87	125.74	117.89	101.07	234.09	237.20	121.33	212.89	90.11	109.72	80.61	250.20	231.63	111.24	210.70
Gypsy-9_SLL-I_Supercontig_1.8_147401	41	132.80	443.93	117.46	238.61	220.54	237.88	124.07	129.51	133.10	239.34	295.83	128.95	239.49	154.37	130.80	114.51	246.46	267.41	127.22	353.93
Harbinger-10_PSt_Supercontig_1.8_72803	155	126.94	506.85	139.68	215.84	229.35	214.59	130.67	144.89	121.37	260.11	251.45	123.86	242.48	135.48	122.07	127.52	257.02	258.12	135.66	327.06
Harbinger-11_MLP_Supercontig_1.4_105641	67	137.00	255.57	144.21	266.48	316.49	279.19	153.31	135.61	165.30	292.40	370.72	201.84	373.22	151.63	137.85	167.36	289.43	282.93	150.18	333.31
Harbinger-4C_PSt_Supercontig_1.4_1219144	48	149.88	305.58	109.62	306.50	311.58	316.60	114.79	148.38	145.62	265.58	270.38	128.44	256.19	109.81	92.81	153.92	309.21	296.83	137.65	257.15
Harbinger-4D_PSt_Supercontig_1.1_1108527	34	97.47	173.41	106.18	238.74	255.03	212.47	116.06	111.88	110.24	211.85	208.91	109.41	166.29	74.59	122.65	92.76	240.65	192.50	87.74	174.12
Harbinger-6_PGr_Supercontig_1.5_811526	49	139.08	270.16	142.78	271.31	319.20	236.71	159.37	140.39	130.20	286.80	243.49	146.61	260.02	105.73	144.71	95.49	251.16	268.39	149.80	234.33
Harbinger-7_PGr_Supercontig_1.1_1934146	112	138.32	315.80	186.92	298.78	406.07	290.35	140.96	156.26	146.65	274.66	284.61	141.26	330.12	134.01	160.99	145.13	321.54	272.39	182.17	292.88
Harbinger-9_MLP_Supercontig_1.1_1084270	49	128.33	194.67	124.65	252.27	229.69	231.88	108.76	116.94	115.82	180.41	221.43	87.69	174.78	114.88	108.78	93.37	189.94	183.35	87.69	165.35
Helitron-1_PGr_Supercontig_1.4_405087	43	153.77	184.44	172.60	328.23	272.60	263.33	161.09	188.30	124.88	304.95	279.93	116.91	318.42	113.44	117.98	137.56	314.58	256.19	196.30	273.30
Helitron-1_SLL_Supercontig_1.3_1646321	68	117.88	224.29	140.21	278.00	297.79	237.29	87.66	129.68	152.10	304.91	243.84	127.07	270.88	135.85	142.69	175.57	261.75	279.71	126.25	254.10
Helitron-2_PSt_Supercontig_1.2_619288	104	87.37	245.63	122.42	229.90	223.93	228.45	104.05	107.26	99.82	225.55	270.52	90.82	239.53	98.42	131.73	100.26	253.38	240.44	116.71	214.89
IS10_Supercontig_1.1_2319253	46	155.20	322.80	141.00	360.04	270.28	297.61	113.35	164.91	165.76	312.59	316.13	149.85	344.89	199.85	168.20	157.52	327.74	289.13	158.48	416.41
KolobokH-4_RIr_Supercontig_1.1_296806	65	139.23	255.06	144.95	237.72	283.55	236.15	111.51	121.17	112.85	282.78	237.11	108.78	232.89	132.75	156.51	112.48	355.75	226.54	130.29	270.08
Mariner-2_SLL_Supercontig_1.1_189030	84	89.13	275.99	151.83	247.15	264.02	259.20	122.88	121.86	126.57	241.44	245.52	116.07	282.49	153.17	112.42	120.60	257.89	220.95	114.12	301.54
Mariner-2_SLL_Supercontig_1.2_1022405	44	131.75	201.34	113.48	232.86	262.20	258.20	126.18	99.95	104.34	214.52	193.32	113.27	206.07	123.14	104.45	81.02	202.61	264.39	98.84	205.50
Mariner-2_SLL_Supercontig_1.2_1121374	77	79.92	151.48	104.03	194.84	166.34	141.27	127.45	119.57	106.30	187.51	172.99	72.03	201.71	103.45	111.65	70.70	206.18	180.22	90.16	158.70
Mariner-2_SLL_Supercontig_1.2_192412	74	79.82	187.07	127.64	190.11	246.69	195.26	73.18	94.24	110.96	214.36	195.96	122.35	200.93	162.68	100.31	124.62	215.09	194.78	98.16	228.73
Mariner-2_SLL_Supercontig_1.4_548406	64	74.33	171.66	83.34	167.09	212.38	205.44	88.47	76.67	104.28	162.83	180.44	75.92	213.38	93.72	87.98	103.58	170.94	211.78	106.31	174.30
Mariner-2_SLL_Supercontig_1.8_113424	66	60.20	337.11	91.33	146.47	218.24	140.61	88.29	96.97	87.65	167.61	122.17	83.27	189.00	86.23	110.36	79.68	159.06	179.44	77.74	178.58
Mariner-4_TMe_Supercontig_1.1_2201924	53	160.91	306.75	120.45	262.43	276.66	223.38	133.81	107.19	133.08	242.62	298.68	134.89	289.13	147.94	115.87	141.62	280.49	287.62	148.08	253.25
Mariner-5_ROr_Supercontig_1.4_1736633	61	0.00	0.00	0.00	0.00	0.00	0.00	0.00	0.00	0.00	0.00	0.00	0.00	0.00	0.00	0.00	0.00	0.00	0.00	0.00	364.20
Mariner-5_ROr_Supercontig_1.4_1736974	157	0.00	0.00	0.00	0.00	0.00	0.71	0.00	0.00	0.00	0.00	0.00	0.00	0.00	0.00	0.00	0.00	0.00	0.00	0.28	379.36
Mariner-6_ROr_Supercontig_1.5_464563	44	163.82	251.80	163.23	309.52	300.27	242.25	159.39	152.82	139.86	269.11	264.16	121.20	287.02	133.52	116.61	126.66	325.05	260.57	128.55	247.73
Mariner-7_ROr_Supercontig_1.4_1723552	128	147.24	380.91	185.09	341.89	320.44	318.80	167.11	190.51	145.81	279.92	303.33	179.29	392.23	196.91	162.79	145.13	342.66	327.94	198.16	386.97
Merlin-2_Roryzae_Supercontig_1.4_1663205	51	167.31	325.55	146.24	218.96	268.47	223.80	112.22	114.37	127.82	249.94	251.25	119.47	313.84	144.00	127.76	164.96	262.80	257.04	164.59	380.22
MoTeR2_Supercontig_1.1_2062873	46	51.24	146.46	43.37	136.59	121.11	130.98	65.54	64.63	73.63	133.15	86.09	64.20	110.24	64.65	46.37	101.33	119.33	130.76	71.41	189.13
MuDR-1_MLP_Supercontig_1.1_1043038	44	130.25	209.02	129.07	235.93	234.73	247.89	103.50	115.84	96.68	177.98	248.95	126.93	176.98	71.89	96.73	99.91	257.48	193.95	106.70	215.07
MuDR-1_PGr_Supercontig_1.2_548707	47	138.68	307.11	120.15	292.34	313.43	300.62	126.38	122.47	148.19	284.66	281.60	184.28	281.51	164.64	157.32	112.49	288.21	283.51	143.19	264.60
NHT2_I-int_Supercontig_1.4_729496	57	155.16	207.51	141.65	249.54	268.30	205.49	141.81	108.09	142.54	252.67	306.46	109.14	269.61	116.40	152.00	125.21	211.89	255.84	118.68	199.39
P-1_AllMac_Supercontig_1.8_147362	38	148.32	508.63	131.21	287.26	262.61	275.58	138.42	161.71	144.11	282.00	323.11	153.71	288.92	165.11	163.68	147.00	290.08	320.16	160.45	338.05
P-2_MLP_Supercontig_1.4_1201132	78	152.03	286.96	116.88	261.62	306.51	273.85	127.28	136.14	160.88	284.33	240.46	138.18	250.96	139.77	133.69	119.86	256.58	229.32	132.63	222.71
Polinton-1_GI_Supercontig_1.6_739915	56	170.89	344.25	195.36	287.14	289.64	627.80	118.23	223.00	298.61	756.43	368.30	304.11	653.64	360.38	165.45	339.36	370.71	717.71	176.43	344.25
Polinton-1_GI_Supercontig_1.6_740072	117	100.40	211.54	110.84	227.17	229.89	441.75	104.15	129.00	263.74	507.81	219.36	238.89	455.89	280.74	118.68	244.68	249.43	464.68	128.73	333.96
Polinton-1_GI_Supercontig_1.6_740167	106	148.49	264.28	130.72	281.48	220.01	453.08	137.71	159.26	261.33	575.44	262.85	244.47	569.86	285.55	136.91	273.47	237.29	470.86	139.93	328.80
SAT-1_PGr_Supercontig_1.7_628871	50	90.52	198.34	73.94	229.82	165.02	165.06	99.58	97.06	116.60	236.56	222.48	129.62	211.26	111.12	97.22	109.66	197.96	220.36	109.30	209.08
Sagan-6_MLP_Supercontig_1.3_224487	89	76.91	192.06	118.98	190.26	229.53	184.48	88.87	100.02	91.40	187.83	162.35	113.38	185.21	93.21	79.78	106.12	181.67	226.80	98.22	248.57
Sagan-7_MLP_Supercontig_1.8_221024	89	73.40	276.92	78.88	128.46	146.66	117.21	71.90	58.16	66.74	144.08	114.10	78.65	170.44	86.35	71.83	91.29	122.24	128.51	74.65	238.92
T-rich_Supercontig_1.3_1093800	222	21.04	44.70	30.05	54.36	52.02	60.64	27.16	28.13	21.02	51.00	52.61	30.17	58.36	26.01	34.34	21.74	47.51	49.61	29.24	162.74
TCG3_I-int_Supercontig_1.2_2038305	54	154.11	254.33	133.87	328.41	284.81	303.54	134.44	185.65	168.96	337.39	319.57	141.09	325.48	176.09	161.72	130.30	287.59	303.78	160.52	312.37
TDH5_I-int_Supercontig_1.1_814573	905	0.00	0.00	0.00	0.00	0.00	0.00	0.00	0.00	0.00	0.00	0.00	0.00	0.00	0.00	0.00	0.00	0.00	0.00	0.00	212.13
TDH5_I-int_Supercontig_1.1_815663	64	0.00	0.00	0.00	0.00	0.00	0.00	0.00	0.00	0.00	0.00	0.00	0.00	0.00	0.00	0.00	0.00	0.00	0.00	0.00	28.20
TDH5_I-int_Supercontig_1.2_1061381	993	0.00	0.00	0.00	0.00	0.00	0.00	0.00	0.00	0.00	0.00	0.00	0.00	0.00	0.00	0.00	0.00	0.00	0.00	0.00	311.50
TDH5_I-int_Supercontig_1.2_1062469	66	0.00	0.00	0.00	0.00	0.00	0.00	0.00	0.00	0.00	0.00	0.00	0.00	0.00	0.00	0.00	0.00	0.00	0.00	0.00	432.14
TDH5_I-int_Supercontig_1.4_415167	66	0.00	0.00	0.00	0.00	0.00	0.00	0.00	0.00	0.00	0.00	0.00	0.00	0.00	0.00	0.00	0.00	0.00	0.00	0.00	46.30
TDH5_I-int_Supercontig_1.4_415307	1011	0.00	0.00	0.00	0.00	0.00	0.00	0.00	0.00	0.00	0.00	0.00	0.30	0.00	0.00	0.00	0.17	0.00	0.00	0.00	286.01
TDH5_I-int_Supercontig_1.8_608692	986	0.00	0.00	0.00	0.00	0.00	0.00	0.00	0.00	0.00	0.00	0.41	0.00	0.00	0.00	0.00	0.00	0.00	0.00	0.00	227.51
TDH5_I-int_Supercontig_1.8_609781	66	0.00	0.00	0.00	0.00	0.00	0.00	0.00	0.00	0.00	0.00	0.00	0.00	0.00	0.00	0.00	0.00	0.00	4.00	0.00	504.21
TKL1_I-int_Supercontig_1.2_469563	80	143.72	248.81	96.72	231.14	243.79	237.28	127.28	140.54	138.64	242.53	281.35	115.16	264.10	114.53	160.36	97.26	238.62	255.54	135.11	291.31
TPA5_I-int_Supercontig_1.8_685963	388	0.00	0.00	0.00	0.00	0.00	0.00	0.00	0.00	0.00	0.00	0.00	0.00	0.00	0.00	0.00	0.00	0.00	0.00	0.00	349.03
TPA5_I-int_Supercontig_1.8_691127	388	0.00	0.00	0.00	0.00	0.00	0.00	0.00	0.00	0.00	0.00	0.00	0.00	1.55	0.00	0.00	0.00	0.00	0.00	0.00	363.99
TSE3_I-int_Supercontig_1.5_15923	883	0.00	0.00	0.00	0.00	0.00	0.00	0.00	0.00	0.00	0.00	0.00	0.00	0.00	0.00	0.00	0.00	0.00	0.00	0.00	487.31
TSE3_I-int_Supercontig_1.5_16802	282	0.00	0.00	0.00	0.00	0.00	0.00	0.00	0.00	0.00	0.00	0.00	0.00	0.00	0.00	0.00	0.00	0.00	0.00	0.00	402.65
TSE3_I-int_Supercontig_1.5_17568	461	0.00	0.00	0.00	0.00	0.00	0.00	0.00	0.00	0.00	0.00	0.00	0.00	0.00	0.00	0.00	0.00	0.00	0.00	0.00	432.88
TY5-I_Supercontig_1.4_1225726	34	165.47	252.68	136.35	292.82	235.68	251.41	160.65	156.06	151.41	307.82	230.21	112.35	257.21	126.21	129.91	156.68	279.79	253.18	151.03	209.79
TY_Supercontig_1.2_507370	46	113.35	228.41	136.37	297.30	274.24	225.74	116.65	114.15	137.91	266.98	227.63	101.87	281.74	131.83	125.78	94.33	296.46	251.74	117.74	238.59
TY_Supercontig_1.3_1508154	48	134.96	202.96	136.35	301.79	289.77	222.71	143.81	125.77	151.54	273.77	312.77	135.12	345.81	139.19	117.75	99.02	281.04	245.02	154.54	313.94
TY_Supercontig_1.3_284257	44	158.34	208.30	153.77	282.16	222.70	251.27	115.66	116.18	130.23	206.32	248.77	135.80	242.18	93.05	134.77	114.70	245.61	225.82	132.86	233.95
TY_Supercontig_1.6_389778	37	123.08	228.95	103.81	230.81	261.57	236.46	164.68	119.73	97.05	239.43	509.11	124.30	255.43	123.11	117.14	118.73	222.81	264.65	128.68	246.30
Tad1-17B_BG_Supercontig_1.1_1684645	38	140.87	223.87	129.82	276.32	242.53	340.29	109.26	124.89	124.00	219.84	273.42	130.68	241.11	138.55	132.53	131.45	266.13	289.21	140.76	255.26
Tad1-1_PSt_Supercontig_1.3_144555	56	156.91	253.38	116.04	255.98	271.21	240.12	127.95	143.29	146.16	245.04	281.68	110.50	241.18	131.57	110.30	137.75	244.46	292.77	157.02	279.54
Tad1-29_BG_Supercontig_1.1_181850	64	132.36	272.66	155.22	283.36	250.22	226.38	162.59	121.06	118.50	285.06	256.39	126.83	279.83	125.78	101.48	149.66	256.75	216.48	160.39	281.42
Tad1-31_BG_Supercontig_1.1_626528	35	121.23	237.11	126.60	226.80	194.54	257.34	126.20	115.06	108.09	230.71	184.86	110.34	246.31	94.00	115.37	93.03	245.26	220.54	111.11	242.11
Tad1-38_BG_Supercontig_1.2_518761	77	107.39	197.49	98.44	240.82	210.38	266.82	113.56	93.71	110.30	243.43	189.71	122.31	257.12	98.14	112.86	98.81	253.55	256.23	104.42	228.39
Tad1-48_BG_Supercontig_1.1_976222	77	117.47	212.58	109.79	225.34	217.06	251.01	114.06	113.84	124.68	207.42	268.77	105.86	209.73	105.36	114.57	90.87	212.77	190.71	118.94	226.64
Tad1-63C_BG_Supercontig_1.7_726785	86	200.60	368.73	201.24	348.13	378.14	340.19	159.08	188.37	194.76	355.06	359.73	185.69	309.01	214.49	170.56	177.60	394.56	383.84	215.52	415.20
Tad1-68_BG_Supercontig_1.1_2011452	69	109.25	249.33	97.09	290.13	243.42	211.61	99.39	135.03	130.48	267.10	270.23	125.19	283.22	128.39	139.96	115.61	272.96	244.49	111.86	252.38
Zisupton-4_PGr_Supercontig_1.1_2044418	75	151.61	308.23	133.97	282.24	286.95	219.71	179.95	139.01	137.07	300.09	253.61	144.81	319.55	117.72	130.33	148.71	257.91	282.52	130.05	286.56
hAT-1_AN_Supercontig_1.5_1244761	49	109.39	271.88	162.35	286.67	289.37	304.02	147.67	149.90	148.88	310.76	267.51	146.27	299.14	168.12	146.76	161.90	316.71	268.37	144.14	231.57
hAT-1_Cglob_Supercontig_1.1_1349399	40	144.15	216.78	104.12	278.62	264.82	231.25	111.35	116.28	121.90	206.62	277.20	122.75	227.00	79.53	113.25	92.83	259.05	205.93	117.03	184.68
